MNUEV2_GOLDEN 1
NETWORK tmp/mnue_v2_fake_quant/dry-run.mnue
CASE
FEN rnbqkbnr/pppppppp/8/8/8/8/PPPPPPPP/RNBQKBNR w KQkq - 0 1
SIDE w
MATERIAL 78
BUCKET 11
POSITION_STM 32 1544 1545 1546 1547 1548 1549 1550 1551 1601 1606 1666 1669 1728 1735 1795 1860 1968 1969 1970 1971 1972 1973 1974 1975 2041 2046 2106 2109 2168 2175 2235 2300
POSITION_NTM 32 1544 1545 1546 1547 1548 1549 1550 1551 1601 1606 1666 1669 1728 1735 1795 1860 1968 1969 1970 1971 1972 1973 1974 1975 2041 2046 2106 2109 2168 2175 2235 2300
ATTACK_STM 116 544 608 672 736 800 864 928 992 4192 4512 8352 8544 12288 12736 16608 20768 27680 27744 27808 27872 27936 28000 28064 28128 32352 32672 36512 36704 40448 40896 44768 48928 50184 50412 54360 54372 54612 54624 60913 60996 62161 62172 72446 72461 72504 72516 72528 89356 89366 89376 89388 89400 98958 99186 105498 105510 105750 105762 115422 115435 116598 116683 133038 133050 133062 133100 133115 138990 139002 139014 139030 139040 139328 139344 139360 139376 139392 139408 139424 139440 140240 140320 141280 141328 142272 142384 143344 144384 146112 146128 146144 146160 146176 146192 146208 146224 147280 147360 148320 148368 149312 149424 150384 151424 151614 151758 151902 152046 152190 152334 152478 152624 152768 152910 153057 153203
ATTACK_NTM 116 544 608 672 736 800 864 928 992 4192 4512 8352 8544 12288 12736 16608 20768 27680 27744 27808 27872 27936 28000 28064 28128 32352 32672 36512 36704 40448 40896 44768 48928 50184 50412 54360 54372 54612 54624 60913 60996 62161 62172 72446 72461 72504 72516 72528 89356 89366 89376 89388 89400 98958 99186 105498 105510 105750 105762 115422 115435 116598 116683 133038 133050 133062 133100 133115 138990 139002 139014 139030 139040 139328 139344 139360 139376 139392 139408 139424 139440 140240 140320 141280 141328 142272 142384 143344 144384 146112 146128 146144 146160 146176 146192 146208 146224 147280 147360 148320 148368 149312 149424 150384 151424 151614 151758 151902 152046 152190 152334 152478 152624 152768 152910 153057 153203
STRUCTURE_STM 39 2048 2304 2560 2816 3072 3328 3584 3840 28672 28928 29184 29440 29696 29952 30208 30464 32771 32775 32779 32783 32787 32791 32795 32799 32801 32810 32818 32848 32989 33120 33140 33380 33392 33856 33876 34116 34128 34179 34260
STRUCTURE_NTM 39 2048 2304 2560 2816 3072 3328 3584 3840 28672 28928 29184 29440 29696 29952 30208 30464 32771 32775 32779 32783 32787 32791 32795 32799 32801 32810 32818 32848 32989 33120 33140 33380 33392 33856 33876 34116 34128 34179 34260
POSITION_HASH 752d8421bc10aba3 752d8421bc10aba3
ATTACK_HASH 6d1bd0aaa6f7aa49 6d1bd0aaa6f7aa49
STRUCTURE_HASH f192df13402ec5b8 f192df13402ec5b8
OUTPUT -0.079550914
SCORE -32
END
CASE
FEN 8/8/8/8/8/8/4k3/4K3 w - - 0 1
SIDE w
MATERIAL 0
BUCKET 0
POSITION_STM 2 1860 2252
POSITION_NTM 2 11124 11516
ATTACK_STM 18 20752 45840 89399 134957 144385 150657 151506 151650 151794 151938 152082 152231 152370 152514 152658 152802 152946 153098
ATTACK_NTM 18 23824 48912 93479 139001 145153 151425 151614 151758 151902 152046 152190 152339 152478 152622 152766 152910 153054 153203
STRUCTURE_STM 15 32768 32772 32776 32780 32784 32788 32792 32796 32800 32809 32818 32845 33097 34139 34220
STRUCTURE_NTM 15 32768 32772 32776 32780 32784 32788 32792 32796 32800 32809 32818 32953 32989 34139 34220
POSITION_HASH bbd2b867da6b3291 2daf5884528b0f60
ATTACK_HASH 5eacd552533be3d2 d7a522f205ccc6dd
STRUCTURE_HASH 432ae8f6ec59c2d3 e7fff93b0d5531c3
OUTPUT 0.001099632
SCORE 0
END
CASE
FEN r4rk1/ppp2ppp/2n5/3pp3/3PP3/2N2N2/PPP2PPP/R4RK1 w - - 0 1
SIDE w
MATERIAL 45
BUCKET 8
POSITION_STM 25 2312 2313 2314 2317 2318 2319 2331 2332 2386 2389 2496 2501 2630 2723 2724 2736 2737 2738 2741 2742 2743 2794 2936 2941 3070
POSITION_NTM 25 2312 2313 2314 2317 2318 2319 2331 2332 2386 2496 2501 2630 2723 2724 2736 2737 2738 2741 2742 2743 2794 2797 2936 2941 3070
ATTACK_STM 97 544 576 640 864 928 992 1763 1825 5280 5472 12320 12640 20896 26819 26915 27680 27712 27776 28000 28064 28128 31392 40480 40800 49056 49177 49285 49566 49578 51072 51108 51138 51353 51372 51384 51414 60963 60996 61755 61817 61836 89475 89496 89508 89520 94752 94764 95047 97956 97986 97998 115422 115485 116262 116277 116339 139110 139122 139134 139149 139328 139344 139360 139408 139424 139440 139634 139648 140512 140560 142272 142352 144416 145905 145922 146112 146128 146144 146192 146208 146224 147040 149312 149392 151456 151623 151767 151911 152055 152199 152343 152487 152631 152775 152922 153063 153212
ATTACK_NTM 97 544 576 640 864 928 992 1731 1827 5280 12320 12640 20896 26851 26913 27680 27712 27776 28000 28064 28128 31392 31584 40480 40800 49056 49177 49566 49578 51072 51108 51138 60963 60996 61755 61817 61836 89475 89496 89508 89520 94752 94764 95047 95155 97956 97986 97998 98232 98262 98298 98327 115422 115485 116262 116277 116339 139110 139122 139134 139149 139328 139344 139360 139408 139424 139440 139633 139650 140512 142272 142352 144416 145906 145920 146112 146128 146144 146192 146208 146224 147040 147088 149312 149392 151456 151623 151767 151911 152055 152199 152343 152487 152633 152775 152922 153063 153212
STRUCTURE_STM 34 2048 2304 2688 3456 3584 3840 7040 7296 25472 25728 28672 28928 29312 29952 30208 30464 32771 32775 32779 32783 32787 32791 32795 32799 32801 32810 32822 32857 32998 33190 33202 33798 34179 34260
STRUCTURE_NTM 34 2048 2304 2688 3328 3584 3840 7040 7296 25472 25728 28672 28928 29312 30080 30208 30464 32771 32775 32779 32783 32787 32791 32795 32799 32801 32810 32822 32857 32998 33190 33798 33810 34179 34260
POSITION_HASH 3036c0bf122633ce 8fa9c6fad52c4995
ATTACK_HASH 203a0abff7e82948 b448fd72c7d2b404
STRUCTURE_HASH 78042ae63ed4b9c4 1194deb4d41887a1
OUTPUT -0.158890352
SCORE -64
END
CASE
FEN r3k2r/ppp2ppp/2n5/3pp3/3PP3/2N2N2/PPP2PPP/R3K2R w KQkq - 0 1
SIDE w
MATERIAL 45
BUCKET 8
POSITION_STM 25 1544 1545 1546 1549 1550 1551 1563 1564 1618 1621 1728 1735 1860 1955 1956 1968 1969 1970 1973 1974 1975 2026 2168 2175 2300
POSITION_NTM 25 1544 1545 1546 1549 1550 1551 1563 1564 1618 1728 1735 1860 1955 1956 1968 1969 1970 1973 1974 1975 2026 2029 2168 2175 2300
ATTACK_STM 89 544 576 640 864 896 992 1763 1825 5280 5472 12288 12736 20768 26819 26915 27680 27712 27776 28000 28032 28128 31392 40448 40896 48928 49177 49285 49566 49578 51072 51108 51138 51341 51372 51384 51414 60953 60996 62141 62172 89400 94752 94764 95047 97956 97986 97998 115422 115475 116598 116663 139014 139328 139344 139360 139408 139424 139440 139634 139648 140512 140560 142272 142384 144384 145905 145922 146112 146128 146144 146192 146208 146224 147040 149312 149424 151424 151614 151758 151902 152046 152190 152334 152478 152624 152766 152914 153054 153203
ATTACK_NTM 89 544 576 640 864 896 992 1731 1827 5280 12288 12736 20768 26851 26913 27680 27712 27776 28000 28032 28128 31392 31584 40448 40896 48928 49177 49566 49578 51072 51108 51138 60953 60996 62141 62172 89400 94752 94764 95047 95155 97956 97986 97998 98232 98262 98298 98315 115422 115475 116598 116663 139014 139328 139344 139360 139408 139424 139440 139633 139650 140512 142272 142384 144384 145906 145920 146112 146128 146144 146192 146208 146224 147040 147088 149312 149424 151424 151614 151758 151902 152046 152190 152334 152478 152626 152766 152914 153054 153203
STRUCTURE_STM 34 2048 2304 2688 3456 3584 3840 7040 7296 25472 25728 28672 28928 29312 29952 30208 30464 32771 32775 32779 32783 32787 32791 32795 32799 32801 32810 32822 32848 32989 33190 33202 33798 34179 34260
STRUCTURE_NTM 34 2048 2304 2688 3328 3584 3840 7040 7296 25472 25728 28672 28928 29312 30080 30208 30464 32771 32775 32779 32783 32787 32791 32795 32799 32801 32810 32822 32848 32989 33190 33798 33810 34179 34260
POSITION_HASH 02ba602ff8de54d4 1ffa16d779ec3fc9
ATTACK_HASH 17deb20c24c74f6f ac004d51b3b1e81f
STRUCTURE_HASH 132b2ae19415ef2d ac283cb25a0e285b
OUTPUT -0.011005287
SCORE -4
END
CASE
FEN 4k3/4r3/8/8/4N3/8/4K3/8 w - - 0 1
SIDE w
MATERIAL 8
BUCKET 1
POSITION_STM 4 1628 1868 2164 2300
POSITION_NTM 4 1740 1860 2020 2292
ATTACK_STM 23 5896 21248 40224 48928 114709 114839 139005 140677 144512 149248 151424 151614 151758 151902 152046 152190 152334 152478 152622 152766 152913 153054 153203
ATTACK_NTM 23 13088 20768 30984 48384 62933 63055 89391 142464 144384 146949 151296 151614 151758 151902 152046 152190 152334 152478 152624 152766 152910 153054 153206
STRUCTURE_STM 16 32768 32772 32776 32780 32784 32788 32792 32796 32800 32809 32818 32845 32989 33228 34139 34220
STRUCTURE_NTM 16 32768 32772 32776 32780 32784 32788 32792 32796 32800 32809 32818 32845 32989 33772 34139 34220
POSITION_HASH 2d30e41f0f9fe6df ed516dd367a2e6af
ATTACK_HASH cbc9dda1eaf3e343 8c5e90dd02a910ae
STRUCTURE_HASH 2166c1f94679f8d9 4beb198d3d4249fe
OUTPUT -0.002124254
SCORE -1
END
CASE
FEN 4k3/4r3/8/4b3/4N3/8/4K3/8 w - - 0 1
SIDE w
MATERIAL 11
BUCKET 1
POSITION_STM 5 1628 1868 2084 2164 2300
POSITION_NTM 5 1692 1740 1860 2020 2292
ATTACK_STM 25 5888 21248 35104 40224 48928 114728 114839 139005 140672 144512 147968 149248 151424 151614 151758 151902 152046 152190 152334 152478 152622 152766 152913 153054 153203
ATTACK_NTM 25 10016 13088 20768 30976 48384 62933 63038 89391 141696 142464 144384 146944 151296 151614 151758 151902 152046 152190 152334 152478 152624 152766 152910 153054 153206
STRUCTURE_STM 17 32768 32772 32776 32780 32784 32788 32792 32796 32800 32809 32818 32845 32989 33228 34028 34139 34220
STRUCTURE_NTM 17 32768 32772 32776 32780 32784 32788 32792 32796 32800 32809 32818 32845 32989 33484 33772 34139 34220
POSITION_HASH 514e1027f7ea1c45 c49cb326d51030ed
ATTACK_HASH 8cd3db855f2c9bf4 4d7bf05a467722a1
STRUCTURE_HASH 746608dfca11c39c 9d8cbbac6ead49bf
OUTPUT -0.007633138
SCORE -3
END
CASE
FEN 4k3/8/8/3b4/4N3/8/4R3/4K3 w - - 0 1
SIDE w
MATERIAL 11
BUCKET 1
POSITION_STM 5 1628 1740 1860 2083 2300
POSITION_NTM 5 1691 1860 2020 2164 2300
ATTACK_STM 26 5924 13088 20768 35008 48896 62933 63037 89391 102973 140672 142464 144384 147952 151424 151614 151758 151902 152046 152190 152334 152478 152622 152767 152910 153054 153203
ATTACK_NTM 26 9920 20736 31012 40224 48928 57007 114727 114839 139005 141680 144384 146944 149248 151424 151614 151758 151902 152046 152190 152334 152478 152624 152766 152913 153054 153203
STRUCTURE_STM 17 32768 32772 32776 32780 32784 32788 32792 32796 32800 32809 32818 32845 32989 33228 34024 34139 34220
STRUCTURE_NTM 17 32768 32772 32776 32780 32784 32788 32792 32796 32800 32809 32818 32845 32989 33480 33772 34139 34220
POSITION_HASH 8ad951adabb8b6d5 0421f86014d6fa40
ATTACK_HASH a167a7b930c00e45 d888e7c2a3e858f9
STRUCTURE_HASH 0fcffdabccccc801 8855bb56c04812f9
OUTPUT -0.012446455
SCORE -5
END
CASE
FEN 4k3/8/8/8/3q4/4N3/8/4K3 w - - 0 1
SIDE w
MATERIAL 12
BUCKET 2
POSITION_STM 4 1620 1860 2203 2300
POSITION_NTM 4 1827 1860 2028 2300
ATTACK_STM 21 5388 20736 42688 48896 124045 140545 144384 149872 151424 151614 151758 151902 152046 152190 152334 152478 152622 152766 152910 153056 153203
ATTACK_NTM 21 18624 20736 31500 48896 81475 143856 144384 147073 151424 151614 151758 151902 152046 152192 152334 152478 152624 152766 152910 153054 153203
STRUCTURE_STM 16 32768 32772 32776 32780 32784 32788 32792 32796 32800 32809 32818 32845 32989 33196 34139 34220
STRUCTURE_NTM 16 32768 32772 32776 32780 32784 32788 32792 32796 32800 32809 32818 32845 32989 33804 34139 34220
POSITION_HASH a5b2a64a983f63ac ebccbc64ccacfa8c
ATTACK_HASH 59b0b035d0e880e3 f8c2507031dba591
STRUCTURE_HASH dfcda8e0a0726198 feebe9d44e0c5645
OUTPUT 0.022915747
SCORE 9
END
CASE
FEN 4k3/8/8/8/3q4/2N1N3/8/4K3 w - - 0 1
SIDE w
MATERIAL 15
BUCKET 3
POSITION_STM 5 1618 1620 1860 2203 2300
POSITION_NTM 5 1827 1860 2026 2028 2300
ATTACK_STM 24 5260 5388 20736 42688 48896 124021 124045 140513 140545 144384 149872 151424 151614 151758 151902 152046 152190 152334 152478 152622 152766 152910 153056 153203
ATTACK_NTM 24 18624 20736 31372 31500 48896 81451 81475 143856 144384 147041 147073 151424 151614 151758 151902 152046 152192 152334 152478 152626 152766 152910 153054 153203
STRUCTURE_STM 17 32768 32772 32776 32780 32784 32788 32792 32796 32800 32809 32818 32845 32989 33188 33196 34139 34220
STRUCTURE_NTM 17 32768 32772 32776 32780 32784 32788 32792 32796 32800 32809 32818 32845 32989 33796 33804 34139 34220
POSITION_HASH 633ff68d73fb337a 1f86e4e6d38079e1
ATTACK_HASH 41a8bcec1aeffca6 0c4ade7c924f2fa1
STRUCTURE_HASH 6b4d1b365539779d b1e9204f7f311f58
OUTPUT -0.156209499
SCORE -62
END
CASE
FEN 4k3/8/3P4/8/8/8/8/4K3 w - - 0 1
SIDE w
MATERIAL 1
BUCKET 0
POSITION_STM 3 1579 1860 2300
POSITION_NTM 3 1860 1939 2300
ATTACK_STM 18 2752 20736 48896 139888 144384 151424 151615 151758 151902 152046 152190 152334 152478 152622 152766 152910 153054 153203
ATTACK_NTM 18 20736 25792 48896 144384 145648 151424 151614 151758 151902 152046 152190 152334 152478 152622 152766 152910 153054 153203
STRUCTURE_STM 17 11013 32768 32772 32776 32781 32784 32788 32792 32796 32801 32809 32819 32845 32989 34148 34220 34430
STRUCTURE_NTM 17 21253 32768 32772 32776 32782 32784 32788 32792 32796 32800 32810 32819 32845 32989 34139 34221 34550
POSITION_HASH d77709f33a0e69fd f475642726b91347
ATTACK_HASH 9671a057b579b244 51ea3b142cd7e0c2
STRUCTURE_HASH f17ca9d5d90b328f 1773ddbf94181fe8
OUTPUT 0.005394564
SCORE 2
END
CASE
FEN 4k3/3p4/2P5/8/8/8/8/4K3 w - - 0 1
SIDE w
MATERIAL 2
BUCKET 0
POSITION_STM 4 1578 1860 1971 2300
POSITION_NTM 4 1547 1860 1938 2300
ATTACK_STM 23 2689 20736 27873 48896 49878 95076 138990 139873 144384 146160 151424 151615 151758 151902 152046 152190 152334 152478 152622 152766 152910 153054 153203
ATTACK_NTM 23 737 20736 25729 48896 49218 89376 94392 139376 144384 145633 151424 151614 151758 151902 152046 152190 152334 152478 152622 152766 152910 153054 153203
STRUCTURE_STM 17 10753 29441 32768 32772 32777 32782 32784 32788 32792 32796 32801 32810 32818 32845 32989 34140 34221
STRUCTURE_NTM 17 2817 20993 32768 32772 32778 32781 32784 32788 32792 32796 32801 32810 32818 32846 32989 34148 34229
POSITION_HASH 5f4b12914e9b7d81 55d368bceda84369
ATTACK_HASH 54882786ae2c9588 b11c36eeb4427b1a
STRUCTURE_HASH 9dd208fe72af1104 cbbd936ad6e4d64e
OUTPUT -0.010342087
SCORE -4
END
CASE
FEN 4k3/8/8/8/8/2P5/2P5/4K3 w - - 0 1
SIDE w
MATERIAL 2
BUCKET 0
POSITION_STM 4 1546 1554 1860 2300
POSITION_NTM 4 1860 1962 1970 2300
ATTACK_STM 20 640 1152 20736 48896 139360 139488 144384 151424 151614 151758 151902 152046 152190 152334 152478 152622 152766 152910 153054 153203
ATTACK_NTM 20 20736 27264 27776 48896 144384 146016 146144 151424 151614 151758 151902 152046 152190 152334 152478 152622 152766 152910 153054 153203
STRUCTURE_STM 19 2695 4615 32768 32772 32777 32780 32784 32788 32792 32796 32801 32809 32818 32845 32989 34149 34220 34332 34355
STRUCTURE_NTM 19 27143 29319 32768 32772 32778 32780 32784 32788 32792 32796 32800 32810 32818 32845 32989 34139 34230 34619 34644
POSITION_HASH baacf0542b2a65eb 6709ec4b5e0e97e5
ATTACK_HASH ae73a0096fed634c 1a22c606204f00d7
STRUCTURE_HASH 658df125029fe014 e03c8cb92b307608
OUTPUT 0.002007491
SCORE 1
END
CASE
FEN 4k3/8/8/8/8/P1P5/P7/4K3 w - - 0 1
SIDE w
MATERIAL 3
BUCKET 0
POSITION_STM 5 1544 1552 1554 1860 2300
POSITION_NTM 5 1860 1960 1962 1968 2300
ATTACK_STM 22 512 1024 1152 20736 48896 139328 139456 139488 144384 151424 151614 151758 151902 152046 152190 152334 152478 152622 152766 152910 153054 153203
ATTACK_NTM 22 20736 27136 27264 27648 48896 144384 145984 146016 146112 151424 151614 151758 151902 152046 152190 152334 152478 152622 152766 152910 153054 153203
STRUCTURE_STM 21 2183 4103 4613 32769 32772 32777 32780 32784 32788 32792 32796 32802 32809 32818 32845 32989 34158 34220 34326 34349 34355
STRUCTURE_NTM 21 26631 27141 28807 32770 32772 32778 32780 32784 32788 32792 32796 32800 32811 32818 32845 32989 34139 34231 34613 34619 34638
POSITION_HASH cd7bc887ed162212 9558277a33b91a00
ATTACK_HASH 67ccd0e2669e1205 c916f5a2545d382b
STRUCTURE_HASH 0d25a73dc1c165b6 62531d5284e1f43e
OUTPUT 0.042861588
SCORE 17
END
CASE
FEN 4k3/pp6/8/8/8/8/PP6/4K2R w - - 0 1
SIDE w
MATERIAL 9
BUCKET 1
POSITION_STM 7 1544 1545 1735 1860 1968 1969 2300
POSITION_NTM 7 1544 1545 1860 1968 1969 2175 2300
ATTACK_STM 27 512 576 12736 20768 27648 27712 48896 62141 139328 139344 142384 144384 146112 146128 151424 151614 151758 151902 152046 152190 152334 152478 152622 152766 152910 153054 153203
ATTACK_NTM 27 512 576 20736 27648 27712 40896 48928 116663 139328 139344 144384 146112 146128 149424 151424 151614 151758 151902 152046 152190 152334 152478 152622 152766 152912 153054 153203
STRUCTURE_STM 19 2048 2304 28672 28928 32771 32775 32776 32780 32784 32788 32792 32796 32801 32810 32818 32845 32989 34149 34230
STRUCTURE_NTM 19 2048 2304 28672 28928 32771 32775 32776 32780 32784 32788 32792 32796 32801 32810 32818 32845 32989 34149 34230
POSITION_HASH 64e38cf2e4eb4ea2 2678273d1b15412f
ATTACK_HASH c5f6d0b0a41a637f 4effbb068873b831
STRUCTURE_HASH 272b264a7534b5df 272b264a7534b5df
OUTPUT -0.020388456
SCORE -8
END
CASE
FEN Q3k3/8/8/8/8/8/8/4K3 b - - 0 1
SIDE b
MATERIAL 9
BUCKET 1
POSITION_STM 3 1860 2176 2300
POSITION_NTM 3 1848 1860 2300
ATTACK_STM 19 20748 40960 48896 116729 144393 149440 151424 151614 151758 151902 152046 152190 152334 152478 152622 152766 152910 153054 153203
ATTACK_NTM 19 19968 20736 48908 87335 144192 144384 151433 151614 151758 151902 152046 152192 152334 152478 152622 152766 152910 153054 153203
STRUCTURE_STM 15 32768 32772 32776 32780 32784 32788 32792 32796 32800 32809 32818 32845 32989 34139 34220
STRUCTURE_NTM 15 32768 32772 32776 32780 32784 32788 32792 32796 32800 32809 32818 32845 32989 34139 34220
POSITION_HASH 22f9e42ff9ac14d4 fb32f80f44b4e009
ATTACK_HASH 193bb072fbff99ae 5f86a8a57dc87a90
STRUCTURE_HASH 81e2d21344d3615a 81e2d21344d3615a
OUTPUT -0.011795893
SCORE -5
END
CASE
FEN 7k/P7/8/8/8/8/8/4K3 w - - 0 1
SIDE w
MATERIAL 1
BUCKET 0
POSITION_STM 3 1584 1860 2303
POSITION_NTM 3 2631 2696 3068
ATTACK_STM 18 3072 20736 49088 139968 144384 151472 151623 151767 151911 152055 152199 152343 152487 152631 152775 152919 153063 153210
ATTACK_NTM 18 20928 25088 48896 144432 145472 151424 151614 151758 151902 152046 152190 152334 152478 152622 152766 152910 153054 153203
STRUCTURE_STM 17 12293 32769 32772 32776 32780 32784 32788 32792 32796 32801 32809 32818 32845 32998 34148 34220 34445
STRUCTURE_NTM 17 18437 32770 32772 32776 32780 32784 32788 32792 32796 32800 32810 32818 32854 32989 34139 34221 34517
POSITION_HASH ec2db8364205c105 c076b2341983ad18
ATTACK_HASH 24f139f35e8a0d48 d51c108a93b90062
STRUCTURE_HASH 1b534b72c796d021 7c21366ef1e9a0ac
OUTPUT -0.010118737
SCORE -4
END
CASE
FEN 7k/8/8/3pP3/8/8/8/4K3 w - d6 0 1
SIDE w
MATERIAL 2
BUCKET 0
POSITION_STM 4 1572 1860 1955 2303
POSITION_NTM 4 2331 2631 2716 3068
ATTACK_STM 20 2304 20736 26816 49088 139776 144384 145904 151472 151623 151767 151911 152055 152199 152343 152487 152631 152775 152919 153063 153210
ATTACK_NTM 20 1728 20928 26368 48896 139632 144432 145792 151424 151614 151758 151902 152046 152190 152334 152478 152622 152766 152910 153054 153203
STRUCTURE_STM 19 9221 25349 32768 32772 32776 32782 32785 32788 32792 32796 32801 32810 32820 32845 32998 34148 34221 34409 34598
STRUCTURE_NTM 19 6917 23557 32768 32772 32776 32781 32786 32788 32792 32796 32801 32810 32820 32854 32989 34148 34221 34382 34577
POSITION_HASH 173ee53851cf5420 37416598f30d4cee
ATTACK_HASH 60128810c0833ac0 65111b92198dc577
STRUCTURE_HASH 1500e2cda97d93cc dfde04c6a0331e68
OUTPUT 0.007190341
SCORE 3
END
CASE
FEN r3k2r/8/8/8/8/8/8/R3K2R w KQkq - 0 1
SIDE w
MATERIAL 20
BUCKET 4
POSITION_STM 6 1728 1735 1860 2168 2175 2300
POSITION_NTM 6 1728 1735 1860 2168 2175 2300
ATTACK_STM 32 12296 12744 20768 40456 40904 48928 60953 61077 62141 62253 115347 115475 116523 116663 142273 142385 144384 149313 149425 151424 151614 151758 151902 152046 152190 152334 152478 152622 152766 152914 153054 153203
ATTACK_NTM 32 12296 12744 20768 40456 40904 48928 60953 61077 62141 62253 115347 115475 116523 116663 142273 142385 144384 149313 149425 151424 151614 151758 151902 152046 152190 152334 152478 152622 152766 152914 153054 153203
STRUCTURE_STM 15 32768 32772 32776 32780 32784 32788 32792 32796 32800 32809 32818 32845 32989 34139 34220
STRUCTURE_NTM 15 32768 32772 32776 32780 32784 32788 32792 32796 32800 32809 32818 32845 32989 34139 34220
POSITION_HASH d810280bed41ff11 d810280bed41ff11
ATTACK_HASH 2243e579f1d42a89 2243e579f1d42a89
STRUCTURE_HASH 81e2d21344d3615a 81e2d21344d3615a
OUTPUT 0.000658046
SCORE 0
END
CASE
FEN r4rk1/8/8/8/8/8/8/R3K2R b KQ - 1 1
SIDE b
MATERIAL 20
BUCKET 4
POSITION_STM 6 2496 2501 2630 2936 2943 3068
POSITION_NTM 6 1728 1735 1860 2168 2173 2302
ATTACK_STM 32 12328 12640 20896 40456 40896 48928 60963 61077 61755 61817 89475 115347 115475 116663 142272 142352 144416 149313 149424 151424 151614 151758 151902 152048 152190 152334 152478 152622 152766 152914 153054 153203
ATTACK_NTM 32 12296 12736 20768 40488 40800 49056 60953 61077 62141 115347 115485 116277 116339 139149 142273 142384 144384 149312 149392 151456 151623 151767 151911 152057 152199 152343 152487 152631 152775 152922 153063 153212
STRUCTURE_STM 15 32768 32772 32776 32780 32784 32788 32792 32796 32800 32809 32818 32854 32989 34139 34220
STRUCTURE_NTM 15 32768 32772 32776 32780 32784 32788 32792 32796 32800 32809 32818 32845 32998 34139 34220
POSITION_HASH 4cf671dd9c63d59f 3011e057bf28002f
ATTACK_HASH df3d922ae8a4eaf3 ca08f3f3079558b0
STRUCTURE_HASH 2cc9955123b29e2c 0bc7d3760890c61e
OUTPUT 0.013246306
SCORE 5
END
CASE
FEN r3k2r/8/8/8/3Q4/8/8/R3K2R b KQkq - 0 1
SIDE b
MATERIAL 29
BUCKET 6
POSITION_STM 7 1728 1735 1860 2168 2175 2211 2300
POSITION_NTM 7 1728 1735 1819 1860 2168 2175 2300
ATTACK_STM 36 12296 12748 20768 40488 40904 43200 48928 60953 61077 62141 62253 115347 115475 116523 116663 126267 126549 142273 142385 144384 149312 149425 150000 151424 151614 151758 151902 152046 152190 152334 152478 152622 152766 152914 153057 153203
ATTACK_NTM 36 12328 12744 18112 20768 40456 40908 48928 60953 61077 62141 62253 78927 79245 115347 115475 116523 116663 142272 142385 143728 144384 149313 149425 151424 151614 151758 151902 152046 152192 152334 152478 152622 152766 152914 153054 153203
STRUCTURE_STM 15 32768 32772 32776 32780 32784 32788 32792 32796 32800 32809 32818 32845 32989 34139 34220
STRUCTURE_NTM 15 32768 32772 32776 32780 32784 32788 32792 32796 32800 32809 32818 32845 32989 34139 34220
POSITION_HASH 05904a337b2dac1d 5b3492a0b960bb29
ATTACK_HASH 7f1ff2e67299e3ae 5978a942152f46a1
STRUCTURE_HASH 81e2d21344d3615a 81e2d21344d3615a
OUTPUT -0.037586864
SCORE -15
END
